# Created by Octave 7.3.0, Mon Dec 18 13:03:45 2023 GMT <unknown@LAPTOP-V5VVR89L>
# name: X
# type: matrix
# rows: 400
# columns: 2
 13.08105556666851 42.237001061439514
 34.595105946063995 26.181169211864471
 67.371697127819061 46.642481058835983
 48.696786761283875 20.67008513212204
 43.648461520671844 25.421102166175842
 10.141554147005081 48.307843863964081
 44.105744183063507 46.700149357318878
 65.319979965686798 11.930009983479977
 17.807966470718384 17.468328148126602
 30.807183384895325 40.389318585395813
 47.537540018558502 21.817082762718201
 45.564957499504089 63.914719700813293
 47.216396570205688 14.183821022510529
 21.967281877994537 42.78957211971283
 91.152817249298096 72.575730323791504
 97.359359323978424 91.623340010643005
 30.64025491476059 3.427987813949585
 21.659820109605789 43.984602391719818
 7.268537163734436 22.766429841518402
 32.456453025341034 41.490760266780853
 43.177080988883972 18.959756851196289
 13.739730834960938 21.118727117776871
 48.158637762069702 13.91058024764061
 23.45863464474678 4.4186844080686569
 42.556681275367737 5.9592585116624832
 38.409071743488312 38.790926277637482
 38.943891227245331 5.6837611868977547
 13.40719547867775 40.532502353191376
 34.267201244831085 24.80724173784256
 3.981757789850235 2.8919683173298836
 5.4932255782186985 93.968748867511749
 35.199082970619202 31.49424934387207
 7.6887884587049484 8.1018805652856827
 36.992424249649048 26.761235058307648
 48.3462033867836 3.4877664893865585
 47.346855163574219 4.3307187557220459
 37.102076292037964 21.543811321258545
 6.7570374384522438 15.747573465108871
 8.0090549886226654 1.580881386063993
 45.856578648090363 44.398122370243073
 50.207281947135925 63.197895050048828
 2.0397528242319822 21.299083173274994
 43.550258338451385 47.423664748668671
 10.873341485857964 15.706912249326706
 36.146248340606689 31.215390741825104
 59.422111868858337 94.732603371143341
 27.035691142082214 45.703202843666077
 64.888084232807159 93.652734220027924
 41.794753789901733 45.87865275144577
 76.847522079944611 75.795434176921844
 31.418067693710327 32.307220637798309
 8.7232474535703659 8.5683749616146088
 4.9081020057201385 24.626447588205338
 45.452352106571198 33.960021317005157
 14.599080234766006 40.710891366004944
 23.076017826795578 36.469544291496277
 39.966189742088318 44.098909914493561
 59.922569692134857 24.753188401460648
 19.190509796142578 45.610229551792145
 12.175175458192825 16.580346375703812
 72.62179833650589 30.198510706424713
 35.47012597322464 17.061151772737503
 98.756381988525391 17.712766319513321
 15.370585918426514 45.481412351131439
 43.162571310997009 25.523934543132782
 35.894407123327255 85.171251356601715
 1.7939938772469759 40.148577094078064
 81.358039021492004 71.106127083301544
 15.056116610765457 67.770701467990875
 91.132966756820679 36.444933742284775
 12.674916744232178 39.94902229309082
 36.639954149723053 22.453458309173584
 45.566382169723511 25.992905557155609
 36.044306755065918 5.6703613474965096
 40.255463302135468 37.429487407207489
 15.231768980622292 22.652443945407867
 17.341732084751129 43.099923849105835
 2.1058367695659399 46.335476875305176
 27.382581055164337 45.246190845966339
 27.686638832092285 38.628825604915619
 11.682429075241089 2.4201799929141998
 16.394438207149506 42.721828162670135
 46.401468455791473 47.918474555015564
 66.622476756572723 78.110819458961487
 28.257817208766937 20.566588312387466
 36.134723544120789 27.360769808292389
 24.221666127443314 26.143945813179016
 24.366991877555847 18.400206163525581
 30.682653665542603 20.945833265781403
 42.498043835163116 19.638065308332443
 17.028475791215897 35.972173094749451
 6.9616471715271473 32.297585219144821
 30.943436503410339 42.566912233829498
 22.770590275526047 43.554023027420044
 26.563415110111237 3.6760704852640629
 45.700275421142578 7.3593803644180298
 49.220954716205597 31.694957792758942
 51.717766344547272 37.09446793794632
 25.628752946853638 48.402886927127838
 59.057143688201904 81.119608879089355
 37.202934324741364 20.977266520261765
 6.1593603678047657 81.155202865600586
 41.393725335597992 8.4509926736354828
 10.983789399266243 39.228322386741638
 66.532205402851105 48.086675196886063
 28.86040985584259 24.145539969205856
 24.439176946878433 29.227664172649384
 87.700949966907501 71.973405957221985
 31.502216815948486 8.6222312599420547
 28.939904510974884 49.786565393209457
 40.649257361888885 20.025544971227646
 42.407054603099823 14.947138726711273
 46.820645689964294 32.304361343383789
 79.225061118602753 32.70437279343605
 34.870504677295685 61.331624209880829
 10.709848403930664 11.090216338634491
 2.2014290019869804 25.781212627887726
 46.664763033390045 10.430526152253151
 4.3897939249873161 34.321729362010956
 38.587180376052856 20.491173326969147
 15.812260746955872 48.764822781085968
 39.222501575946808 4.030363604426384
 24.994946628808975 21.409967750310898
 6.8735901862382889 49.06602418422699
 24.850820422172546 7.5289958119392395
 48.718019723892212 45.648191869258881
 40.291506767272949 42.748709619045258
 34.179494798183441 47.621423363685608
 39.152637243270874 8.7601126283407211
 2.3796707969158888 25.395129024982452
 6.4684553295373917 9.7696845084428787
 30.207917332649231 38.310988306999207
 18.607321798801422 43.738621294498444
 47.248546838760376 39.444402098655701
 44.225761532783508 3.3027096837759018
 11.891346678137779 37.33007800579071
 23.601840317249298 43.208261609077454
 44.522862374782562 40.340815722942352
 86.865140378475189 43.4285688996315
 66.475197196006775 51.246269941329956
 52.071794331073761 87.158059060573578
 17.162763327360153 1.7008629580959678
 39.050952672958374 19.728923112154007
 37.828801453113556 14.874911606311798
 21.609586775302887 26.158093333244324
 33.62688285112381 46.563963413238525
 30.00799161195755 18.601490765810013
 54.51607209444046 66.710464477539062
 17.986619800329208 9.2790490090847015
 63.393715083599091 72.641218066215515
 38.17060250043869 49.475624680519104
 4.1818000487983227 52.187398076057434
 42.259513258934021 2.873712569475174
 18.1583351790905 44.309224307537079
 57.441759705543518 35.170539796352386
 25.422923177480698 22.223823964595795
 35.330905497074127 44.819977819919586
 6.2938059270381927 61.883867979049683
 46.910516321659088 47.494235873222351
 62.723017454147339 48.379124760627747
 34.797114074230194 13.478631108999252
 2.5545777827501297 26.215454459190369
 6.6611127033829689 5.3878070563077927
 30.569052934646606 44.064040541648865
 40.304097592830658 22.464685201644897
 86.132743358612061 80.360085606575012
 2.5553579553961754 33.260679960250854
 46.598166882991791 24.148202121257782
 29.132197618484497 42.607348322868347
 16.428508788347244 15.833444058895111
 13.221277087926865 23.846380084753036
 41.441664516925812 47.955011606216431
 8.7579856812953949 46.295954942703247
 40.230651021003723 7.7879596948623657
 20.261670410633087 3.6335638538002968
 45.536837100982666 46.616832613945007
 23.252991795539856 1.5145566258579493
 31.067215621471405 10.817651689052582
 48.838507294654846 23.664181113243103
 43.2947998046875 27.347238540649414
 42.015237808227539 25.543821096420288
 37.680234968662262 20.307654231786728
 16.897449135780334 16.628323525190353
 44.771562576293945 41.339933216571808
 27.094109654426575 43.272559016942978
 14.39736270904541 10.673444241285324
 36.213761568069458 16.525732100009918
 7.8835512399673462 1.8144419211894274
 13.073044285178185 45.391903877258301
 40.272473037242889 3.4592892751097679
 12.078428208827972 4.4029655903577805
 4.8306922316551208 13.156742170453072
 15.13574555516243 24.260011047124863
 40.309272944927216 23.601235747337341
 19.906965643167496 52.059715270996094
 57.271148145198822 35.729823291301727
 84.538053691387177 13.651626408100128
 64.844760119915009 88.543693065643311
 68.916005253791809 39.425806194543839
 48.941260814666748 12.964959159493446
 46.210951179265976 43.719876646995544
 61.086465522646904 77.246351301670074
